354499625
125922590
316733576
1357330577
1335773111
1144494014
111383906
51358951 
398879401
768973735
285569396
1665245008
370061726
557126443
1607640910
311871896
490363447
295846730
1676700826
353117663
155578883
237306604
1252197598
1334701838
221600710
397043317
456976504
1115089004
1428284177
1570783657
1571080210
514067857
618049562
1033961524
728027881
1137227624
389006449
465241142
1155018106
215899297
130669265
227376748
425541721
665421511
197326970
2972709
418202662
231163504
1618403137
727129150
3471019
577527586
1029243295
145255891
285569396
1440625991
1180828402
1399436144
540073723
48603517
537833263
340389752